# Copyright (c) 2021, NVIDIA CORPORATION & AFFILIATES.  All rights reserved.
#
# NVIDIA CORPORATION and its licensors retain all intellectual property
# and proprietary rights in and to this software, related documentation
# and any modifications thereto.  Any use, reproduction, disclosure or
# distribution of this software and related documentation without an express
# license agreement from NVIDIA CORPORATION is strictly prohibited.

"""Generate images using pretrained network pickle."""

import os
import re
from typing import List, Optional, Tuple, Union

import click
import dnnlib
import numpy as np
import PIL.Image
import torch

import legacy
from camera_utils import LookAtPoseSampler
from torch_utils import misc

#----------------------------------------------------------------------------

def parse_range(s: Union[str, List]) -> List[int]:
    '''Parse a comma separated list of numbers or ranges and return a list of ints.

    Example: '1,2,5-10' returns [1, 2, 5, 6, 7]
    '''
    if isinstance(s, list): return s
    ranges = []
    range_re = re.compile(r'^(\d+)-(\d+)$')
    for p in s.split(','):
        if m := range_re.match(p):
            ranges.extend(range(int(m.group(1)), int(m.group(2))+1))
        else:
            ranges.append(int(p))
    return ranges

#----------------------------------------------------------------------------

def parse_vec2(s: Union[str, Tuple[float, float]]) -> Tuple[float, float]:
    '''Parse a floating point 2-vector of syntax 'a,b'.

    Example:
        '0,1' returns (0,1)
    '''
    if isinstance(s, tuple): return s
    parts = s.split(',')
    if len(parts) == 2:
        return (float(parts[0]), float(parts[1]))
    raise ValueError(f'cannot parse 2-vector {s}')

#----------------------------------------------------------------------------

def make_transform(translate: Tuple[float,float], angle: float):
    m = np.eye(3)
    s = np.sin(angle/360.0*np.pi*2)
    c = np.cos(angle/360.0*np.pi*2)
    m[0][0] = c
    m[0][1] = s
    m[0][2] = translate[0]
    m[1][0] = -s
    m[1][1] = c
    m[1][2] = translate[1]
    return m

#----------------------------------------------------------------------------

@click.command()
@click.option('--network', 'network_pkl', help='Network pickle filename', required=True)
@click.option('--seeds', type=parse_range, help='List of random seeds (e.g., \'0,1,4-6\')', required=True)
@click.option('--trunc', 'truncation_psi', type=float, help='Truncation psi', default=1, show_default=True)
@click.option('--class', 'class_idx', type=int, help='Class label (unconditional if not specified)')
@click.option('--noise-mode', help='Noise mode', type=click.Choice(['const', 'random', 'none']), default='const', show_default=True)
@click.option('--translate', help='Translate XY-coordinate (e.g. \'0.3,1\')', type=parse_vec2, default='0,0', show_default=True, metavar='VEC2')
@click.option('--rotate', help='Rotation angle in degrees', type=float, default=0, show_default=True, metavar='ANGLE')
@click.option('--outdir', help='Where to save the output images', type=str, required=True, metavar='DIR')
@click.option('--reload_modules', help='Overload persistent modules?', type=bool, required=False, metavar='BOOL', default=False, show_default=True)
def generate_images(
    network_pkl: str,
    seeds: List[int],
    truncation_psi: float,
    noise_mode: str,
    outdir: str,
    translate: Tuple[float,float],
    rotate: float,
    class_idx: Optional[int],
    reload_modules: bool,
):
    """Generate images using pretrained network pickle.

    Examples:

    \b
    # Generate an image using pre-trained AFHQv2 model ("Ours" in Figure 1, left).
    python gen_images.py --outdir=out --trunc=1 --seeds=2 \\
        --network=https://api.ngc.nvidia.com/v2/models/nvidia/research/stylegan3/versions/1/files/stylegan3-r-afhqv2-512x512.pkl

    \b
    # Generate uncurated images with truncation using the MetFaces-U dataset
    python gen_images.py --outdir=out --trunc=0.7 --seeds=600-605 \\
        --network=https://api.ngc.nvidia.com/v2/models/nvidia/research/stylegan3/versions/1/files/stylegan3-t-metfacesu-1024x1024.pkl
    """

    print('Loading networks from "%s"...' % network_pkl)
    device = torch.device('cuda')
    with dnnlib.util.open_url(network_pkl) as f:
        G = legacy.load_network_pkl(f)['G_ema'].to(device) # type: ignore

    if reload_modules:
        print("Reloading Modules!")
        G_new = SRPosedGenerator(*G.init_args, **G.init_kwargs).eval().requires_grad_(False).to(device)
        misc.copy_params_and_buffers(G, G_new, require_all=True)
        G = G_new

    G.rendering_kwargs['depth_resolution'] *= 2
    G.rendering_kwargs['depth_resolution_importance'] *= 2

    os.makedirs(outdir, exist_ok=True)

    intrinsics = torch.tensor([[4.2647, 0, 0.5], [0, 4.2647, 0.5], [0, 0, 1]], device=device)

    # Generate images.
    for seed_idx, seed in enumerate(seeds):
        print('Generating image for seed %d (%d/%d) ...' % (seed, seed_idx, len(seeds)))
        z = torch.from_numpy(np.random.RandomState(seed).randn(1, G.z_dim)).to(device)

        # Construct an inverse rotation/translation matrix and pass to the generator.  The
        # generator expects this matrix as an inverse to avoid potentially failing numerical
        # operations in the network.
        if hasattr(G.synthesis, 'input'):
            m = make_transform(translate, rotate)
            m = np.linalg.inv(m)
            G.synthesis.input.transform.copy_(torch.from_numpy(m))
        


        imgs = []
        angle_p = 0
        for angle_y in np.linspace(.79, -.79, 7):
            cam2world_pose = LookAtPoseSampler.sample(3.14/2 + angle_y, 3.14/2 + angle_p, torch.tensor([0, 0, 0.2], device=device), radius=2.7, device=device)
            forward_cam2world_pose = LookAtPoseSampler.sample(3.14/2, 3.14/2, torch.tensor([0, 0, 0.2], device=device), radius=2.7, device=device)
            label = torch.cat([cam2world_pose.reshape(-1, 16), intrinsics.reshape(-1, 9)], 1)
            forward_label = torch.cat([forward_cam2world_pose.reshape(-1, 16), intrinsics.reshape(-1, 9)], 1)

            ws = G.mapping(z, forward_label, truncation_psi=truncation_psi)
            img = G.synthesis(ws, label, noise_mode=noise_mode)['image']

            img = (img.permute(0, 2, 3, 1) * 127.5 + 128).clamp(0, 255).to(torch.uint8)
            imgs.append(img)


        # labels = [
        #     [0.9994335770606995, 0.016111111268401146, 0.029547354206442833, -0.07739850446588194, 0.016551025211811066, -0.9997548460960388, -0.014704826287925243, 0.05267341359381329, 0.02930320054292679, 0.01518553588539362, -0.9994552135467529, 2.698376360518825, 0.0, 0.0, 0.0, 1.0, 4.2647, 0.0, 0.5, 0.0, 4.2647, 0.5, 0.0, 0.0, 1.0],
        #     [0.9094396233558655, -0.005154827143996954, 0.41580402851104736, -1.06964297022397, 0.019668716937303543, -0.9982707500457764, -0.05539490282535553, 0.16180617745932793, 0.41537055373191833, 0.058556653559207916, -0.9077656269073486, 2.473799239466785, 0.0, 0.0, 0.0, 1.0, 4.2647, 0.0, 0.5, 0.0, 4.2647, 0.5, 0.0, 0.0, 1.0],
        #     [0.9687926173210144, 0.006213073618710041, -0.24779486656188965, 0.6306131258482428, -0.04212671145796776, -0.9810155034065247, -0.18929839134216309, 0.49462371138381556, -0.24426673352718353, 0.19382965564727783, -0.9501388072967529, 2.578308451222392, 0.0, 0.0, 0.0, 1.0, 4.2647, 0.0, 0.5, 0.0, 4.2647, 0.5, 0.0, 0.0, 1.0]
        # ]
        # imgs = []
        # for label in labels:
        #     forward_cam2world_pose = LookAtPoseSampler.sample(3.14/2, 3.14/2, torch.tensor([0, 0, 0.2], device=device), radius=2.7, device=device)
        #     label = torch.tensor(label, device=device).unsqueeze(0)
        #     forward_label = torch.cat([forward_cam2world_pose.reshape(-1, 16), intrinsics.reshape(-1, 9)], 1)

        #     ws = G.mapping(z, forward_label, truncation_psi=truncation_psi)
        #     img = G.synthesis(ws, label, noise_mode=noise_mode)['image']

        #     img = (img.permute(0, 2, 3, 1) * 127.5 + 128).clamp(0, 255).to(torch.uint8)
        #     imgs.append(img)


        img = torch.cat(imgs, dim=2)
        PIL.Image.fromarray(img[0].cpu().numpy(), 'RGB').save(f'{outdir}/seed{seed:04d}.png')


#----------------------------------------------------------------------------

if __name__ == "__main__":
    generate_images() # pylint: disable=no-value-for-parameter

#----------------------------------------------------------------------------
